13
0,14,30,8,11,20,5,10,3,14,2,15,2
14,0,17,50,12,45,6,44,40,20,20,100,34
30,17,0,86,37,56,20,37,37,44,14,34,26
8,50,86,0,32,1,12,65,88,99,12,80,25
11,12,37,32,0,3,88,62,14,88,39,58,23
20,45,56,1,3,0,8,8,11,11,47,30,15
5,6,20,12,88,8,0,89,44,67,88,14,6
10,44,37,65,62,8,89,0,31,86,15,92,67
3,40,37,88,14,11,44,31,0,38,14,6,39
14,20,44,99,88,11,67,86,38,0,3,25,56
2,20,14,12,39,47,88,15,14,3,0,83,38
15,100,34,80,58,30,14,92,6,25,83,0,15
2,34,26,25,23,15,6,67,39,56,38,15,0
4
